Time                          Ro                            Delta Ro                      
0                             1                             0                              
0,001                         86304155064,9844              86304155063,9844               
0,002                         171799767804,568              85495612739,584                
0,003                         256494413065,826              84694645261,2578               
0,004                         340395594729,729              83901181663,9023               
0,005                         423510746376,973              83115151647,2441               
0,006                         505847231946,599              82336485569,626                
0,007                         587412346388,424              81565114441,8252               
0,008                         668213316309,375              80800969920,9512               
0,009                         748257300613,754              80043984304,3789               
0,01                          827551391137,517              79294090523,7627               
0,011                         906102613276,602              78551222139,085                
0,012                         983917926609,375              77815313332,7734               
0,013                         1061004225513,24              77086298903,8672               
0,014                         1137368339775,49              76364114262,2471               
0,015                         1213017035198,39              75648695422,9033               
0,016                         1287957014198,66              74939979000,2715               
0,017                         1362194916401,28              74237902202,6172               
0,018                         1435737319227,76              73542402826,4756               
0,019                         1508590738478,88              72853419251,126                
0,02                          1580761628912,04              72170890433,1553               
0,021                         1652256384813,06              71494755901,0244               
0,022                         1723081340562,8               70824955749,7373               
0,023                         1793242771198,3               70161430635,5039               
0,024                         1862746892968,81              69504121770,5107               
0,025                         1931599863886,5               68852970917,6904               
0,026                         1999807784272,08              68207920385,5762               
0,027                         2067376697295,26              67568913023,1797               
0,028                         2134312589510,2               66935892214,9414               
0,029                         2200621391385,9               66308801875,6963               
0,03                          2266308977831,62              65687586445,7178               
0,031                         2331381168717,41              65072190885,7979               
0,032                         2395843729389,77              64462560672,3545               
0,033                         2459702371182,39              63858641792,6172               
0,034                         2522962751922,22              63260380739,834                
0,035                         2585630476430,75              62667724508,5322               
0,036                         2647711097020,57              62080620589,8213               
0,037                         2709210113987,32              61499016966,7422               
0,038                         2770132976096,97              60922862109,6582               
0,039                         2830485081068,66              60352104971,6855               
0,04                          2890271776052,84              59786694984,1816               
0,041                         2949498358105,09              59226582052,251                
0,042                         3008170074655,4               58671716550,3125               
0,043                         3066292123973,11              58122049317,708                
0,044                         3123869655627,45              57577531654,3418               
0,045                         3180907770943,81              57038115316,3604               
0,046                         3237411523455,71              56503752511,8906               
0,047                         3293385919352,5               55974395896,7959               
0,048                         3348835917922,98              55449998570,4814               
0,049                         3403766431994,73              54930514071,7451               
0,05                          3458182328369,39              54415896374,6582               
0,051                         3512088428253,87              53906099884,4814               
0,052                         3565489507687,51              53401079433,6396               
0,053                         3618390297965,21              52900790277,7021               
0,054                         3670795486056,64              52405188091,4336               
0,055                         3722709715021,5               51914228964,8564               
0,056                         3774137584420,87              51427869399,3672               
0,057                         3825083650724,75              50946066303,8818               
0,058                         3875552427715,76              50468776991,0107               
0,059                         3925548386889,04              49995959173,2842               
0,06                          3975075957848,45              49527570959,4063               
0,061                         4024139528698,99              49063570850,5381               
0,062                         4072743446435,61              48603917736,624                
0,063                         4120892017328,36              48148570892,7471               
0,064                         4168589507303,88              47697489975,5254               
0,065                         4215840142323,42              47250635019,5361               
0,066                         4262648108757,19              46807966433,7666               
0,067                         4309017553755,31              46369444998,1211               
0,068                         4354952585615,24              45935031859,9326               
0,069                         4400457274145,77              45504688530,5303               
0,07                          4445535651027,59              45078376881,8232               
0,071                         4490191710170,52              44656059142,9229               
0,0720000000000001            4534429408067,32              44237697896,8027               
0,0730000000000001            4578252664144,29              43823256076,9707               
0,0740000000000001            4621665361108,49              43412696964,2031               
0,0750000000000001            4664671345291,76              43005984183,2715               
0,0760000000000001            4707274426991,5               42603081699,7363               
0,0770000000000001            4749478380808,24              42203953816,7432               
0,0780000000000001            4791286945980,11              41808565171,8662               
0,0790000000000001            4832703826714,09              41416880733,9756               
0,0800000000000001            4873732692514,21              41028865800,126                
0,0810000000000001            4914377178506,7               40644485992,4912               
0,0820000000000001            4954640885762,02              40263707255,3125               
0,0830000000000001            4994527381613,9               39886495851,8857               
0,0840000000000001            5034040199975,47              39512818361,5674               
0,0850000000000001            5073182841652,29              39142641676,8184               
0,0860000000000001            5111958774652,55              38775933000,2656               
0,0870000000000001            5150371434494,35              38412659841,7979               
0,0880000000000001            5188424224510,04              38052790015,6943               
0,0890000000000001            5226120516147,8               37696291637,7598               
0,0900000000000001            5263463649270,32              37343133122,5137               
0,0910000000000001            5300456932450,69              36993283180,375                
0,0920000000000001            5337103643265,61              36646710814,9121               
0,0930000000000001            5373407028585,68              36303385320,0723               
0,0940000000000001            5409370304863,16              35963276277,4844               
0,0950000000000001            5444996658416,9               35626353553,7402               
0,0960000000000001            5480289245714,65              35292587297,7471               
0,0970000000000001            5515251193652,72              34961947938,0713               
0,0980000000000001            5549885599833,03              34634406180,3125               
0,0990000000000001            5584195532837,56              34309933004,5244               
0,1                           5618184032500,19              33988499662,6318               
0,101                         5651854110176,07              33670077675,8809               
0,102                         5685208749008,4               33354638832,334                
0,103                         5718250904192,75              33042155184,3438               
0,104                         5750983503238,85              32732599046,0996               
0,105                         5783409446230,01              32425942991,166                
0,106                         5815531606080,06              32122159850,0449               
0,107                         5847352828787,85              31821222707,7871               
0,108                         5878875933689,44              31523104901,5898               
0,109                         5910103713707,88              31227780018,4404               
0,11                          5941038935600,66              30935221892,7822               
0,111                         5971684340204,85              30645404604,1895               
0,112                         6002042642679,91              30358302475,0664               
0,113                         6032116532748,3               30073890068,3906               
0,114                         6061908674933,74              29792142185,4316               
0,115                         6091421708797,28              29513033863,5479               
0,116                         6120658249171,24              29236540373,9531               
0,117                         6149620886390,77              28962637219,5352               
0,118                         6178312186523,46              28691300132,6826               
0,119                         6206734691596,59              28422505073,1387               
0,12                          6234890919822,46              28156228225,8633               
0,121                         6262783365821,39              27892445998,9336               
0,122                         6290414500842,83              27631135021,4434               
0,123                         6317786772984,27              27372272141,4395               
0,124                         6344902607408,14              27115834423,8711               
0,125                         6371764406556,69              26861799148,5479               
0,126                         6398374550364,83              26610143808,1396               
0,127                         6424735396471,01              26360846106,1787               
0,128                         6450849280426,08              26113883955,0732               
0,129                         6476718515900,25              25869235474,168                
0,13                          6502345394888,05              25626878987,7949               
0,131                         6527732187911,4               25386793023,3516               
0,132                         6552881144220,8               25148956309,4063               
0,133                         6577794491994,61              24913347773,8086               
0,134                         6602474438536,43              24679946541,8203               
0,135                         6626923170470,7               24448731934,2695               
0,136                         6651142853936,42              24219683465,7207               
0,137                         6675135634779,08              23992780842,6543               
0,138                         6698903638740,75              23768003961,668                
0,139                         6722448971648,45              23545332907,7051               
0,14                          6745773719600,73              23324747952,2773               
0,141                         6768879949152,46              23106229551,7266               
0,142                         6791769707497,95              22889758345,4902               
0,143                         6814445022652,33              22675315154,3838               
0,144                         6836907903631,23              22462880978,9053               
0,145                         6859160340628,78              22252436997,5459               
0,146                         6881204305193,91              22043964565,1328               
0,147                         6903041750405,08              21837445211,165                
0,148                         6924674611043,27              21632860638,1875               
0,149                         6946104803763,43              21430192720,1602               
0,15                          6967334227264,29              21229423500,8623               
0,151                         6988364762456,58              21030535192,2949               
0,152                         7009198272629,69              20833510173,1025               
0,153                         7029836603616,71              20638330987,0225               
0,154                         7050281583958,03              20444980341,3232               
0,155                         7070535025063,32              20253441105,291                
0,156                         7090598721372,01              20063696308,6895               
0,157                         7110474450512,29              19875729140,2783               
0,158                         7130163973458,6               19689522946,3076               
0,159                         7149669034687,65              19505061229,0527               
0,16                          7168991362333                 19322327645,3457               
0,161                         7188132668338,12              19141306005,1279               
0,162                         7207094648608,15              18961980270,0234               
0,163                         7225878983160,05              18784334551,9063               
0,164                         7244487336271,56              18608353111,5029               
0,165                         7262921356628,55              18434020356,9932               
0,166                         7281182677471,17              18261320842,624                
0,167                         7299272916738,53              18090239267,3535               
0,168                         7317193677212,01              17920760473,4834               
0,169                         7334946546657,33              17752869445,3223               
0,17                          7352533097965,19              17586551307,8535               
0,171                         7369954889290,6               17421791325,415                
0,172                         7387213464191                 17258574900,3994               
0,173                         7404310351762,96              17096887571,957                
0,174                         7421247066777,67              16936715014,7119               
0,175                         7438025109815,17              16778043037,499                
0,176                         7454645967397,27              16620857582,1016               
0,177                         7471111112119,28              16465144722,0068               
0,178                         7487422002780,46              16310890661,1777               
0,179                         7503580084513,27              16158081732,8184               
0,18                          7519586788911,45              16006704398,1758               
0,181                         7535443534156,78              15856745245,335                
0,182                         7551151725144,81              15708190988,0264               
0,183                         7566712753609,27              15561028464,459                
0,184                         7582127998245,41              15415244636,1445               
0,185                         7597398824832,16              15270826586,7451               
0,186                         7612526586353,09              15127761520,9346               
0,187                         7627512623116,35              14986036763,2559               
0,188                         7642358262873,35              14845639757,0029               
0,189                         7657064820936,46              14706558063,1094               
0,19                          7671633600295,5               14568779359,042                
0,191                         7686065891733,22              14432291437,7148               
0,192                         7700362973939,62              14297082206,4004               
0,193                         7714526113625,28              14163139685,6621               
0,194                         7728556565633,58              14030452008,2998               
0,195                         7742455573051,86              13899007418,2822               
0,196                         7756224367321,58              13768794269,7197               
0,197                         7769864168347,41              13639801025,8281               
0,198                         7783376184605,31              13512016257,9033               
0,199                         7796761613249,63              13385428644,3125               
0,2                           7810021640219,12              13260026969,4902               
